%YAML:1.0
---
K1: !!opencv-matrix
   rows: 3
   cols: 3
   dt: d
   data: [ 1.3136699918708712e+03, 0., 7.3928993947662741e+02, 0.,
       1.3129939705025383e+03, 5.4725219691210577e+02, 0., 0., 1. ]
K2: !!opencv-matrix
   rows: 3
   cols: 3
   dt: d
   data: [ 1.3108880801862013e+03, 0., 7.5068801701301220e+02, 0.,
       1.3095602323872777e+03, 5.7165428835658713e+02, 0., 0., 1. ]
D1: !!opencv-matrix
   rows: 1
   cols: 5
   dt: d
   data: [ -1.5948950390428465e-01, 2.0555327252903546e-01,
       1.5053735229550835e-03, -6.9023881885414749e-04,
       -3.6173864019372406e-02 ]
D2: !!opencv-matrix
   rows: 1
   cols: 5
   dt: d
   data: [ -1.8243491963698499e-01, 3.2287303827810865e-01,
       2.0139334335186597e-04, -3.4348961513652520e-04,
       -2.1039608387406111e-01 ]
R: !!opencv-matrix
   rows: 3
   cols: 3
   dt: d
   data: [ 9.9997800589703789e-01, 3.1930918724497920e-03,
       -5.8130789154981185e-03, -3.2666994268643794e-03,
       9.9991405048915871e-01, -1.2697255972003696e-02,
       5.7720357793622206e-03, 1.2715966288810091e-02,
       9.9990248914796864e-01 ]
T: [ -4.5345240259487170e-02, -3.8505562063962030e-04,
    -1.7332385811770609e-03 ]
E: !!opencv-matrix
   rows: 3
   cols: 3
   dt: d
   data: [ -7.8845242991267490e-06, 1.7281932558774673e-03,
       -4.0702544746372990e-04, -1.4714661109477124e-03,
       5.7107415647106015e-04, 4.5350894059125665e-02,
       5.3317642205334811e-04, -4.5340113340295182e-02,
       5.7352176397708159e-04 ]
F: !!opencv-matrix
   rows: 3
   cols: 3
   dt: d
   data: [ 1.9061592210632644e-08, -4.1802237858838463e-06,
       3.5662260675604802e-03, 3.5610172621790662e-06,
       -1.3827379077655406e-06, -1.4605290548723035e-01,
       -3.7397214355954292e-03, 1.4769424450060900e-01, 1. ]
R1: !!opencv-matrix
   rows: 3
   cols: 3
   dt: d
   data: [ 9.9940508200895772e-01, 1.2160731772717610e-02,
       3.2273807606485481e-02, -1.1962739446687708e-02,
       9.9990846603160599e-01, -6.3207929290049741e-03,
       -3.2347718924200596e-02, 5.9309494242249395e-03,
       9.9945907816144652e-01 ]
R2: !!opencv-matrix
   rows: 3
   cols: 3
   dt: d
   data: [ 9.9923432113394983e-01, 8.4851417588010982e-03,
       3.8193897906699907e-02, -8.7329334727853040e-03,
       9.9994185978792449e-01, 6.3255764027282902e-03,
       -3.8138003892892340e-02, -6.6542778120467052e-03,
       9.9925032561709293e-01 ]
P1: !!opencv-matrix
   rows: 3
   cols: 4
   dt: d
   data: [ 1.3112771014449081e+03, 0., 6.8419553375244141e+02, 0., 0.,
       1.3112771014449081e+03, 5.6108749389648438e+02, 0., 0., 0., 1.,
       0. ]
P2: !!opencv-matrix
   rows: 3
   cols: 4
   dt: d
   data: [ 1.3112771014449081e+03, 0., 6.8419553375244141e+02,
       -5.9505737497393767e+01, 0., 1.3112771014449081e+03,
       5.6108749389648438e+02, 0., 0., 0., 1., 0. ]
Q: !!opencv-matrix
   rows: 4
   cols: 4
   dt: d
   data: [ 1., 0., 0., -6.8419553375244141e+02, 0., 1., 0.,
       -5.6108749389648438e+02, 0., 0., 0., 1.3112771014449081e+03, 0.,
       0., 2.2036145699435107e+01, 0. ]
