%YAML:1.0
---
K1: !!opencv-matrix
   rows: 3
   cols: 3
   dt: d
   data: [ 1.3203855975128645e+03, 0., 7.4935261258297032e+02, 0.,
       1.3201742271592177e+03, 5.4340165337989390e+02, 0., 0., 1. ]
K2: !!opencv-matrix
   rows: 3
   cols: 3
   dt: d
   data: [ 1.3134571051064663e+03, 0., 7.7396121450242163e+02, 0.,
       1.3127937180605886e+03, 5.1954149761622079e+02, 0., 0., 1. ]
D1: !!opencv-matrix
   rows: 1
   cols: 5
   dt: d
   data: [ -1.6538525269326054e-01, 2.1261457170935238e-01,
       -1.3555982067597238e-04, -1.3436476192579410e-03,
       -2.1805831635349191e-02 ]
D2: !!opencv-matrix
   rows: 1
   cols: 5
   dt: d
   data: [ -1.6313171507630311e-01, 1.8583968039189180e-01,
       9.3563068429359657e-05, -7.1386952177153299e-04,
       3.8693385271765704e-02 ]
R: !!opencv-matrix
   rows: 3
   cols: 3
   dt: d
   data: [ 9.9999709173726525e-01, 2.2755249010724585e-03,
       -7.9906410011622579e-04, -2.2787796340897172e-03,
       9.9998901420790787e-01, -4.0961722224411214e-03,
       7.8973437987294825e-04, 4.0979812006937608e-03,
       9.9999129139692411e-01 ]
T: [ -4.5314471338097413e-02, -6.8075559552895233e-04,
    -1.7996403458814506e-03 ]
E: !!opencv-matrix
   rows: 3
   cols: 3
   dt: d
   data: [ -4.6385998669609209e-06, 1.7968308517740254e-03,
       -6.8812130389386307e-04, -1.7638487161330339e-03,
       1.8160272524287156e-04, 4.5315514740346452e-02,
       7.8401531012762095e-04, -4.5312424446427357e-02,
       1.8507191141237854e-04 ]
F: !!opencv-matrix
   rows: 3
   cols: 3
   dt: d
   data: [ -2.8736272176377915e-09, 1.1133205911359897e-06,
       -1.1656984415395109e-03, -1.0932620046115396e-06,
       1.1257833245572886e-07, 3.7844116735616475e-02,
       1.2081651085024347e-03, -3.7796362684277697e-02, 1. ]
R1: !!opencv-matrix
   rows: 3
   cols: 3
   dt: d
   data: [ 9.9909398031456720e-01, 1.7445307981180765e-02,
       3.8818548770359736e-02, -1.7379131609600456e-02,
       9.9984688714953518e-01, -2.0415782818394793e-03,
       -3.8848221113600957e-02, 1.3650959037530025e-03,
       9.9924419049073387e-01 ]
R2: !!opencv-matrix
   rows: 3
   cols: 3
   dt: d
   data: [ 9.9909975341075274e-01, 1.5009393854588514e-02,
       3.9678720124150337e-02, -1.5102273225643455e-02,
       9.9988386890692715e-01, 2.0420683468330598e-03,
       -3.9643461982914956e-02, -2.6394688543275712e-03,
       9.9921040283124352e-01 ]
P1: !!opencv-matrix
   rows: 3
   cols: 4
   dt: d
   data: [ 1.3164839726099030e+03, 0., 6.9200555419921875e+02, 0., 0.,
       1.3164839726099030e+03, 5.3080517959594727e+02, 0., 0., 0., 1.,
       0. ]
P2: !!opencv-matrix
   rows: 3
   cols: 4
   dt: d
   data: [ 1.3164839726099030e+03, 0., 6.9200555419921875e+02,
       -5.9709528543312729e+01, 0., 1.3164839726099030e+03,
       5.3080517959594727e+02, 0., 0., 0., 1., 0. ]
Q: !!opencv-matrix
   rows: 4
   cols: 4
   dt: d
   data: [ 1., 0., 0., -6.9200555419921875e+02, 0., 1., 0.,
       -5.3080517959594727e+02, 0., 0., 0., 1.3164839726099030e+03, 0.,
       0., 2.2048138793374292e+01, 0. ]
