image_width: 1248
image_height: 700
camera_name: narrow_stereo_textured/left
camera_matrix:
  rows: 3
  cols: 3
  data: [ 7.8699916522096828e+02, 0., 5.9700469585713699e+02, 0., 7.8661057139894842e+02, 3.3498373217793454e+02, 0., 0., 1. ]
distortion_model: ''
distortion_coefficients:
  rows: 1
  cols: 5
  data: [ -1.0053678324374637e-01, 1.5441948822325371e-01,
       9.0361768726389304e-05, 1.5504112809310799e-03,
       -5.6700400826159819e-02]
rectification_matrix:
  rows: 3
  cols: 3
  data: [-9.9903286284584902e-01, -1.1553333581212249e-02,
       -4.2424750290231947e-02, 1.1650129962284653e-02,
       -9.9993006404676310e-01, -2.0350644456745750e-03,
       -4.2398271496479428e-02, -2.5273501137367681e-03,
       9.9909759236798956e-01]
projection_matrix:
  rows: 3
  cols: 4
  data: [ 7.8377015525954221e+02, 0., 6.9249709320068359e+02, 0., 0.,
       7.8377015525954221e+02, 3.7442160034179688e+02, 0., 0., 0., 1.,
       0. ]

