image_width: 1440
image_height: 1080
camera_name: kitti_stereo/right
camera_matrix:
  rows: 3
  cols: 3
  data: [ 1.2523196900683397e+03, 0., 7.4637396081312613e+02, 0., 1.2523144425442629e+03, 5.1754901046431007e+02, 0., 0., 1. ]
distortion_model: ''
distortion_coefficients:
  rows: 0
  cols: 0
  data: []
rectification_matrix:
  rows: 3
  cols: 3
  data: [ 9.9954752691569482e-01, -3.0319394695289856e-03, -2.9925721040131741e-02, 3.0729969322245798e-03, 9.9999439908091425e-01, 1.3260832008034733e-03,2.9921532824593224e-02, -1.4174448327984946e-03, 9.9955124567156273e-01 ]
projection_matrix:
  rows: 3
  cols: 4
  data: [ 1.1944774510031532e+03, 0., 7.8084029388427734e+02, -9.2332995213236515e+01, 0., 1.1944774510031532e+03, 5.3489839553833008e+02, 0., 0., 0., 1., 0. ]
  

